  Mill:M1
  Species:S1
  Quality:Q1
  D06L1601          1       52 1.000000        .        .        .    0.000
    0.000   -0.131   -9.861    8.219    0.051   88.000
    0.173   -0.165   -9.882    8.222    0.099   92.300
    0.498   -0.153   -9.691    8.258    0.074   76.000
    0.822   -0.127   -9.487    8.244    0.066   62.200
    1.147   -0.102   -9.487    8.361    0.066   70.300
    1.472   -0.165   -9.742    8.417    0.140   59.100
    1.797   -0.280   -9.576    8.283    0.148   54.100
    2.122   -0.369   -9.551    8.219    0.140   50.900
    2.446   -0.420   -9.665    8.316    0.148   63.800
    2.771   -0.331   -9.793    8.262    0.263   62.000
    3.096   -0.280   -9.983    8.208    0.181   62.000
    3.421   -0.318   -9.983    8.154    0.115   63.900
    3.746   -0.369   -9.945    8.381    0.066   62.800
    4.071   -0.471  -10.085    8.197    0.115   60.600
    4.395   -0.636  -10.187    7.913    0.197  224.100
    4.720   -0.699  -10.365    7.819    0.115  214.700
    5.045   -0.674  -10.543    7.675    0.074  214.800
    5.370   -0.687  -10.492    7.592    0.082  210.600
    5.694   -0.432  -10.161    7.498    0.090  208.800
    6.019   -0.331  -10.161    7.454    0.066  202.900
    6.344   -0.420  -10.390    7.460    0.057  216.200
    6.669   -0.318  -10.454    7.407    0.066  197.200
    6.994   -0.343  -10.149    7.363    0.066  183.200
    7.319   -0.369  -10.034    7.369    0.074  188.800
    7.643   -0.369  -10.314    7.475    0.099  208.000
    7.968   -0.318  -10.161    7.522    0.066  202.400
    8.293   -0.267  -10.072    7.508    0.099  190.700
    8.618   -0.331  -10.085    7.594    0.049  176.500
    8.942   -0.356  -10.149    7.850    0.082  167.600
    9.267   -0.394  -10.060    7.887    0.205  190.100
    9.592   -0.585   -9.869    7.503    0.246  194.400
    9.917   -0.674   -9.831    7.439    0.214  193.300
   10.242   -0.547   -9.716    7.295    0.255  204.800
   10.567   -0.496   -9.818    7.102    0.131  194.900
   10.891   -0.598   -9.805    6.988    0.090  206.800
   11.216   -0.941   -9.920    6.844    0.099  224.500
   11.541   -0.661   -9.932    6.840    0.041  161.000
   11.866   -0.674   -9.983    6.837    0.016  173.800
   12.191   -0.687   -9.983    6.833    0.016   80.600
   12.515   -0.636  -10.047    6.829    0.033  108.800
   12.840   -0.801  -10.314    6.975    0.025  112.800
   13.165   -0.814  -10.454    6.782    0.074  131.200
   13.490   -0.649  -10.390    6.688    0.025  190.200
   13.815   -0.420  -10.365    6.584    0.033  105.700
   14.139   -0.560  -10.441    6.690    0.008  197.400
   14.464   -0.687  -10.416    7.036    0.214   68.600
   14.789   -0.839  -10.238    6.993    0.205   61.600
   15.114   -0.954  -10.263    6.649    0.049   80.500
   15.439   -0.814  -10.390    6.385    0.057   70.200
   15.763   -0.967  -10.416    6.271    0.016   85.600
   16.088   -1.259  -10.441    6.118    0.025  204.100
   16.350   -1.290  -10.400    6.042    0.038   21.700
 D07L1601        1       51 1.000000        .        .        .    0.000
    0.000   -2.306   -9.636    8.486    0.166   71.900
    0.374   -2.378   -9.767    8.473    0.220   71.400
    0.699   -2.442   -9.729    8.561    0.230   75.300
    1.024   -2.378   -9.691    8.559    0.278   65.400
    1.349   -2.124   -9.589    8.497    0.287   56.600
    1.673   -2.073   -9.831    8.476    0.258   64.200
    1.998   -1.997   -9.945    8.524    0.201   63.600
    2.323   -1.780   -9.945    8.582    0.086   69.800
    2.648   -1.641   -9.932    8.560    0.124   64.000
    2.973   -1.628   -9.767    8.528    0.163   76.500
    3.297   -1.424   -9.627    8.596    0.201   68.700
    3.622   -1.183   -9.614    8.594    0.306   69.600
    3.947   -1.119   -9.653    8.452    0.211   63.900
    4.272   -0.967   -9.691    8.370    0.172   71.500
    4.597   -0.827   -9.716    8.299    0.163   80.900
    4.922   -0.699   -9.640    8.227    0.144   82.200
    5.246   -0.598   -9.513    8.255    0.144   76.300
    5.571   -0.420   -9.487    8.333    0.211   74.200
    5.896   -0.216   -9.436    8.261    0.211   78.200
    6.221   -0.051   -9.424    8.089    0.163   88.500
    6.545    0.076   -9.411    8.067    0.211   95.900
    6.870    0.267   -9.513    8.055    0.182   89.200
    7.195    0.407   -9.729    7.933    0.105   92.600
    7.520    0.521   -9.818    8.061    0.086  107.400
    7.845    0.687   -9.907    8.110    0.134   83.800
    8.170    0.852  -10.098    8.068    0.105   75.900
    8.494    0.979  -10.199    8.066    0.115   71.300
    8.819    1.081  -10.199    8.114    0.144   72.600
    9.144    1.119  -10.225    8.122    0.182   79.400
    9.469    1.335  -10.072    8.070    0.115   82.400
    9.793    1.412  -10.009    8.238    0.115   79.600
   10.118    1.501   -9.983    8.066    0.172   77.700
   10.443    1.641  -10.072    7.914    0.163   88.300
   10.768    1.857  -10.123    7.873    0.144   99.600
   11.093    2.048  -10.161    7.781    0.144   98.800
   11.418    2.238  -10.098    7.709    0.115  102.200
   11.742    2.454  -10.149    7.747    0.086   88.500
   12.067    2.658  -10.123    7.735    0.105   88.300
   12.392    2.849   -9.767    7.663    0.182   82.400
   12.717    3.039   -9.602    7.681    0.230   77.000
   13.042    3.218   -9.602    7.659    0.211   81.700
   13.366    3.256   -9.576    7.717    0.182   74.200
   13.691    3.319   -9.602    7.756    0.134   75.900
   14.016    3.307   -9.678    7.654    0.134   79.900
   14.341    3.383   -9.678    7.612    0.124   78.900
   14.666    3.421   -9.627    7.680    0.077   74.400
   14.990    3.497   -9.475    7.708    0.067   80.200
   15.315    3.574   -9.144    7.696    0.086   76.900
   15.640    3.625   -8.839    7.874    0.134   83.500
   15.965    3.650   -8.699    7.852    0.220   83.300
   16.350    3.936   -8.457    7.625    0.120  -88.200
 D07L161A        1       51 1.000000        .        .        .    0.000
    0.000   -2.306   -9.636    8.486    0.166   71.900
    0.374   -2.378   -9.767    8.473    0.220   71.400
    0.699   -2.442   -9.729    8.561    0.230   75.300
    1.024   -2.378   -9.691    8.559    0.278   65.400
    1.349   -2.124   -9.589    8.497    0.287   56.600
    1.673   -2.073   -9.831    8.476    0.258   64.200
    1.998   -1.997   -9.945    8.524    0.201   63.600
    2.323   -1.780   -9.945    8.582    0.086   69.800
    2.648   -1.641   -9.932    8.560    0.124   64.000
    2.973   -1.628   -9.767    8.528    0.163   76.500
    3.297   -1.424   -9.627    8.596    0.201   68.700
    3.622   -1.183   -9.614    8.594    0.306   69.600
    3.947   -1.119   -9.653    8.452    0.211   63.900
    4.272   -0.967   -9.691    8.370    0.172   71.500
    4.597   -0.827   -9.716    8.299    0.163   80.900
    4.922   -0.699   -9.640    8.227    0.144   82.200
    5.246   -0.598   -9.513    8.255    0.144   76.300
    5.571   -0.420   -9.487    8.333    0.211   74.200
    5.896   -0.216   -9.436    8.261    0.211   78.200
    6.221   -0.051   -9.424    8.089    0.163   88.500
    6.545    0.076   -9.411    8.067    0.211   95.900
    6.870    0.267   -9.513    8.055    0.182   89.200
    7.195    0.407   -9.729    7.933    0.105   92.600
    7.520    0.521   -9.818    8.061    0.086  107.400
    7.845    0.687   -9.907    8.110    0.134   83.800
    8.170    0.852  -10.098    8.068    0.105   75.900
    8.494    0.979  -10.199    8.066    0.115   71.300
    8.819    1.081  -10.199    8.114    0.144   72.600
    9.144    1.119  -10.225    8.122    0.182   79.400
    9.469    1.335  -10.072    8.070    0.115   82.400
    9.793    1.412  -10.009    8.238    0.115   79.600
   10.118    1.501   -9.983    8.066    0.172   77.700
   10.443    1.641  -10.072    7.914    0.163   88.300
   10.768    1.857  -10.123    7.873    0.144   99.600
   11.093    2.048  -10.161    7.781    0.144   98.800
   11.418    2.238  -10.098    7.709    0.115  102.200
   11.742    2.454  -10.149    7.747    0.086   88.500
   12.067    2.658  -10.123    7.735    0.105   88.300
   12.392    2.849   -9.767    7.663    0.182   82.400
   12.717    3.039   -9.602    7.681    0.230   77.000
   13.042    3.218   -9.602    7.659    0.211   81.700
   13.366    3.256   -9.576    7.717    0.182   74.200
   13.691    3.319   -9.602    7.756    0.134   75.900
   14.016    3.307   -9.678    7.654    0.134   79.900
   14.341    3.383   -9.678    7.612    0.124   78.900
   14.666    3.421   -9.627    7.680    0.077   74.400
   14.990    3.497   -9.475    7.708    0.067   80.200
   15.315    3.574   -9.144    7.696    0.086   76.900
   15.640    3.625   -8.839    7.874    0.134   83.500
   15.965    3.650   -8.699    7.852    0.220   83.300
   16.350    3.936   -8.457    7.625    0.120  -88.200
 D08L1601        1       52 1.000000        .        .        .    0.000
    0.000   -0.131   -9.861   10.219    0.068   88.000
    0.173   -0.165   -9.882   10.222    0.131   92.300
    0.498   -0.153   -9.691   10.258    0.098   76.000
    0.822   -0.127   -9.487   10.244    0.087   62.200
    1.147   -0.102   -9.487   10.361    0.087   70.300
    1.472   -0.165   -9.742   10.417    0.186   59.100
    1.797   -0.280   -9.576   10.283    0.197   54.100
    2.122   -0.369   -9.551   10.219    0.186   50.900
    2.446   -0.420   -9.665   10.316    0.197   63.800
    2.771   -0.331   -9.793   10.262    0.350   62.000
    3.096   -0.280   -9.983   10.208    0.240   62.000
    3.421   -0.318   -9.983   10.154    0.153   63.900
    3.746   -0.369   -9.945   10.381    0.087   62.800
    4.071   -0.471  -10.085   10.197    0.153   60.600
    4.395   -0.636  -10.187    9.913    0.262  224.100
    4.720   -0.699  -10.365    9.819    0.153  214.700
    5.045   -0.674  -10.543    9.675    0.098  214.800
    5.370   -0.687  -10.492    9.592    0.109  210.600
    5.694   -0.432  -10.161    9.498    0.120  208.800
    6.019   -0.331  -10.161    9.454    0.087  202.900
    6.344   -0.420  -10.390    9.460    0.077  216.200
    6.669   -0.318  -10.454    9.407    0.087  197.200
    6.994   -0.343  -10.149    9.363    0.087  183.200
    7.319   -0.369  -10.034    9.369    0.098  188.800
    7.643   -0.369  -10.314    9.475    0.131  208.000
    7.968   -0.318  -10.161    9.522    0.087  202.400
    8.293   -0.267  -10.072    9.508    0.131  190.700
    8.618   -0.331  -10.085    9.594    0.066  176.500
    8.942   -0.356  -10.149    9.850    0.109  167.600
    9.267   -0.394  -10.060    9.887    0.273  190.100
    9.592   -0.585   -9.869    9.503    0.328  194.400
    9.917   -0.674   -9.831    9.439    0.284  193.300
   10.242   -0.547   -9.716    9.295    0.339  204.800
   10.567   -0.496   -9.818    9.102    0.175  194.900
   10.891   -0.598   -9.805    8.988    0.120  206.800
   11.216   -0.941   -9.920    8.844    0.131  224.500
   11.541   -0.661   -9.932    8.840    0.055  161.000
   11.866   -0.674   -9.983    8.837    0.022  173.800
   12.191   -0.687   -9.983    8.833    0.022   80.600
   12.515   -0.636  -10.047    8.829    0.044  108.800
   12.840   -0.801  -10.314    8.975    0.033  112.800
   13.165   -0.814  -10.454    8.782    0.098  131.200
   13.490   -0.649  -10.390    8.688    0.033  190.200
   13.815   -0.420  -10.365    8.584    0.044  105.700
   14.139   -0.560  -10.441    8.690    0.011  197.400
   14.464   -0.687  -10.416    9.036    0.284   68.600
   14.789   -0.839  -10.238    8.993    0.273   61.600
   15.114   -0.954  -10.263    8.649    0.066   80.500
   15.439   -0.814  -10.390    8.385    0.077   70.200
   15.763   -0.967  -10.416    8.271    0.022   85.600
   16.088   -1.259  -10.441    8.118    0.033  204.100
   16.350   -1.290  -10.400    8.042    0.050   21.700
 D08L161A        1       52 1.000000        .        .        .    0.000
    0.000   -0.131   -9.861   10.219    0.068   88.000
    0.173   -0.165   -9.882   10.222    0.131   92.300
    0.498   -0.153   -9.691   10.258    0.098   76.000
    0.822   -0.127   -9.487   10.244    0.087   62.200
    1.147   -0.102   -9.487   10.361    0.087   70.300
    1.472   -0.165   -9.742   10.417    0.186   59.100
    1.797   -0.280   -9.576   10.283    0.197   54.100
    2.122   -0.369   -9.551   10.219    0.186   50.900
    2.446   -0.420   -9.665   10.316    0.197   63.800
    2.771   -0.331   -9.793   10.262    0.350   62.000
    3.096   -0.280   -9.983   10.208    0.240   62.000
    3.421   -0.318   -9.983   10.154    0.153   63.900
    3.746   -0.369   -9.945   10.381    0.087   62.800
    4.071   -0.471  -10.085   10.197    0.153   60.600
    4.395   -0.636  -10.187    9.913    0.262  224.100
    4.720   -0.699  -10.365    9.819    0.153  214.700
    5.045   -0.674  -10.543    9.675    0.098  214.800
    5.370   -0.687  -10.492    9.592    0.109  210.600
    5.694   -0.432  -10.161    9.498    0.120  208.800
    6.019   -0.331  -10.161    9.454    0.087  202.900
    6.344   -0.420  -10.390    9.460    0.077  216.200
    6.669   -0.318  -10.454    9.407    0.087  197.200
    6.994   -0.343  -10.149    9.363    0.087  183.200
    7.319   -0.369  -10.034    9.369    0.098  188.800
    7.643   -0.369  -10.314    9.475    0.131  208.000
    7.968   -0.318  -10.161    9.522    0.087  202.400
    8.293   -0.267  -10.072    9.508    0.131  190.700
    8.618   -0.331  -10.085    9.594    0.066  176.500
    8.942   -0.356  -10.149    9.850    0.109  167.600
    9.267   -0.394  -10.060    9.887    0.273  190.100
    9.592   -0.585   -9.869    9.503    0.328  194.400
    9.917   -0.674   -9.831    9.439    0.284  193.300
   10.242   -0.547   -9.716    9.295    0.339  204.800
   10.567   -0.496   -9.818    9.102    0.175  194.900
   10.891   -0.598   -9.805    8.988    0.120  206.800
   11.216   -0.941   -9.920    8.844    0.131  224.500
   11.541   -0.661   -9.932    8.840    0.055  161.000
   11.866   -0.674   -9.983    8.837    0.022  173.800
   12.191   -0.687   -9.983    8.833    0.022   80.600
   12.515   -0.636  -10.047    8.829    0.044  108.800
   12.840   -0.801  -10.314    8.975    0.033  112.800
   13.165   -0.814  -10.454    8.782    0.098  131.200
   13.490   -0.649  -10.390    8.688    0.033  190.200
   13.815   -0.420  -10.365    8.584    0.044  105.700
   14.139   -0.560  -10.441    8.690    0.011  197.400
   14.464   -0.687  -10.416    9.036    0.284   68.600
   14.789   -0.839  -10.238    8.993    0.273   61.600
   15.114   -0.954  -10.263    8.649    0.066   80.500
   15.439   -0.814  -10.390    8.385    0.077   70.200
   15.763   -0.967  -10.416    8.271    0.022   85.600
   16.088   -1.259  -10.441    8.118    0.033  204.100
   16.350   -1.290  -10.400    8.042    0.050   21.700
 D11L1601        1       52 1.000000        .        .        .    0.000
    0.000   -0.191   -4.768   12.781    0.790  -11.500
    0.257   -0.064   -4.828   12.770    0.790  167.700
    0.582    0.053   -4.903   12.756    0.760  166.000
    0.907    0.213   -5.020   12.642    0.721  167.200
    1.232    0.469   -5.169   12.558    0.692  166.700
    1.557    0.608   -5.212   12.454    0.624  165.200
    1.881    0.725   -5.297   12.370    0.653  167.200
    2.206    0.863   -5.372   12.325    0.643  169.400
    2.531    0.991   -5.393   12.281    0.634  168.800
    2.856    1.098   -5.446   12.237    0.634  167.400
    3.181    1.311   -5.489   12.153    0.585  163.900
    3.505    1.439   -5.532   12.049    0.517  162.000
    3.830    1.705   -5.628   11.985    0.526  162.100
    4.155    1.823   -5.691   11.951    0.487  160.100
    4.480    1.865   -5.766   11.906    0.448  161.000
    4.805    1.897   -5.873   11.872    0.409  160.300
    5.129    2.004   -5.990   11.858    0.390  158.600
    5.454    2.078   -5.958   11.814    0.380  159.400
    5.779    2.121   -5.979   11.790    0.351  159.500
    6.104    2.196   -6.011   11.776    0.322  158.100
    6.429    2.398   -6.128   11.722    0.341  155.700
    6.754    2.398   -6.171   11.677    0.351  152.700
    7.078    2.430   -6.192   11.633    0.351  153.700
    7.403    2.494   -6.182   11.609    0.322  154.500
    7.728    2.526   -6.214   11.595    0.302  154.700
    8.053    2.579   -6.267   11.581    0.292  154.000
    8.378    2.675   -6.278   11.567    0.283  154.800
    8.702    2.675   -6.256   11.533    0.263  155.400
    9.027    2.718   -6.278   11.519    0.263  155.200
    9.352    2.728   -6.246   11.514    0.283  153.300
    9.677    2.750   -6.256   11.470    0.244  151.000
   10.002    2.718   -6.278   11.416    0.185  148.600
   10.326    2.803   -6.235   11.372    0.175  146.900
   10.651    2.824   -6.150   11.338    0.146  147.100
   10.976    2.814   -6.107   11.304    0.117  142.400
   11.301    2.878   -6.086   11.250    0.127  134.900
   11.626    2.963   -6.033   11.225    0.127  126.300
   11.950    2.888   -6.128   11.231    0.146  123.900
   12.275    2.835   -6.235   11.217    0.224  127.900
   12.600    2.707   -6.299   11.203    0.175  133.100
   12.925    2.558   -6.352   11.219    0.146  137.300
   13.250    2.515   -6.331   11.225    0.156  142.800
   13.574    2.451   -6.352   11.171    0.175  136.400
   13.899    2.622   -6.310   11.157    0.156  129.300
   14.224    2.622   -6.342   11.132    0.127  132.400
   14.549    2.633   -6.438   11.128    0.185  135.300
   14.874    2.633   -6.491   11.124    0.195  134.100
   15.198    2.622   -6.555   11.120    0.205  130.900
   15.523    2.579   -6.608   11.106    0.214  130.900
   15.848    2.537   -6.640   11.062    0.195  135.900
   16.173    2.569   -6.821   11.058    0.166  131.300
   16.350    2.459   -6.798   11.033    0.157  -54.600
 D11L161A        1       52 1.000000        .        .        .    0.000
    0.000   -0.191   -4.768   12.781    0.790  -11.500
    0.257   -0.064   -4.828   12.770    0.790  167.700
    0.582    0.053   -4.903   12.756    0.760  166.000
    0.907    0.213   -5.020   12.642    0.721  167.200
    1.232    0.469   -5.169   12.558    0.692  166.700
    1.557    0.608   -5.212   12.454    0.624  165.200
    1.881    0.725   -5.297   12.370    0.653  167.200
    2.206    0.863   -5.372   12.325    0.643  169.400
    2.531    0.991   -5.393   12.281    0.634  168.800
    2.856    1.098   -5.446   12.237    0.634  167.400
    3.181    1.311   -5.489   12.153    0.585  163.900
    3.505    1.439   -5.532   12.049    0.517  162.000
    3.830    1.705   -5.628   11.985    0.526  162.100
    4.155    1.823   -5.691   11.951    0.487  160.100
    4.480    1.865   -5.766   11.906    0.448  161.000
    4.805    1.897   -5.873   11.872    0.409  160.300
    5.129    2.004   -5.990   11.858    0.390  158.600
    5.454    2.078   -5.958   11.814    0.380  159.400
    5.779    2.121   -5.979   11.790    0.351  159.500
    6.104    2.196   -6.011   11.776    0.322  158.100
    6.429    2.398   -6.128   11.722    0.341  155.700
    6.754    2.398   -6.171   11.677    0.351  152.700
    7.078    2.430   -6.192   11.633    0.351  153.700
    7.403    2.494   -6.182   11.609    0.322  154.500
    7.728    2.526   -6.214   11.595    0.302  154.700
    8.053    2.579   -6.267   11.581    0.292  154.000
    8.378    2.675   -6.278   11.567    0.283  154.800
    8.702    2.675   -6.256   11.533    0.263  155.400
    9.027    2.718   -6.278   11.519    0.263  155.200
    9.352    2.728   -6.246   11.514    0.283  153.300
    9.677    2.750   -6.256   11.470    0.244  151.000
   10.002    2.718   -6.278   11.416    0.185  148.600
   10.326    2.803   -6.235   11.372    0.175  146.900
   10.651    2.824   -6.150   11.338    0.146  147.100
   10.976    2.814   -6.107   11.304    0.117  142.400
   11.301    2.878   -6.086   11.250    0.127  134.900
   11.626    2.963   -6.033   11.225    0.127  126.300
   11.950    2.888   -6.128   11.231    0.146  123.900
   12.275    2.835   -6.235   11.217    0.224  127.900
   12.600    2.707   -6.299   11.203    0.175  133.100
   12.925    2.558   -6.352   11.219    0.146  137.300
   13.250    2.515   -6.331   11.225    0.156  142.800
   13.574    2.451   -6.352   11.171    0.175  136.400
   13.899    2.622   -6.310   11.157    0.156  129.300
   14.224    2.622   -6.342   11.132    0.127  132.400
   14.549    2.633   -6.438   11.128    0.185  135.300
   14.874    2.633   -6.491   11.124    0.195  134.100
   15.198    2.622   -6.555   11.120    0.205  130.900
   15.523    2.579   -6.608   11.106    0.214  130.900
   15.848    2.537   -6.640   11.062    0.195  135.900
   16.173    2.569   -6.821   11.058    0.166  131.300
   16.350    2.459   -6.798   11.033    0.157  -54.600
 D13L1601        1       52 1.000000        .        .        .    0.000
    0.000    0.610   -2.610   14.061    0.192   85.300
    0.330    0.588   -2.599   14.052    0.219   81.900
    0.655    0.695   -2.578   14.072    0.256   90.000
    0.980    0.813   -2.514   14.093    0.347   97.200
    1.304    0.909   -2.599   14.084    0.393   97.700
    1.629    1.006   -2.674   14.015    0.356   94.100
    1.954    1.070   -2.696   13.975    0.310   93.200
    2.279    1.177   -2.771   13.946    0.301   95.000
    2.604    1.316   -2.899   13.907    0.292   94.000
    2.928    1.455   -2.920   13.857    0.265   91.100
    3.253    1.583   -2.974   13.838    0.247   93.200
    3.578    1.744   -3.070   13.789    0.247   90.000
    3.903    1.893   -3.102   13.750    0.237   85.900
    4.228    2.022   -3.134   13.730    0.219   84.600
    4.552    2.171   -3.209   13.721    0.201   83.900
    4.877    2.321   -3.230   13.682    0.210   82.400
    5.202    2.471   -3.220   13.673    0.183   77.000
    5.527    2.621   -3.273   13.653    0.192   82.300
    5.852    2.824   -3.305   13.674    0.192   79.300
    6.177    2.910   -3.220   13.665    0.192   80.900
    6.501    2.952   -3.241   13.626    0.237   79.200
    6.826    3.177   -3.273   13.646    0.301   83.100
    7.151    3.209   -3.305   13.657    0.292   84.300
    7.476    3.124   -3.402   13.648    0.219   84.900
    7.800    3.220   -3.594   13.678    0.265   87.500
    8.125    3.316   -3.808   13.639    0.219   87.700
    8.450    3.423   -3.819   13.610    0.173   87.000
    8.775    3.551   -3.915   13.561    0.164   85.200
    9.100    3.541   -3.862   13.561    0.146   88.800
    9.425    3.487   -3.840   13.572    0.146   83.400
    9.749    3.616   -3.723   13.523    0.201   86.900
   10.074    3.701   -3.594   13.514    0.219   88.100
   10.399    3.765   -3.498   13.474    0.228   85.300
   10.724    3.840   -3.583   13.465    0.219   83.300
   11.048    3.936   -3.455   13.446    0.265   85.600
   11.373    3.883   -3.295   13.406    0.292   83.600
   11.698    3.819   -3.391   13.407    0.347   88.500
   12.023    3.787   -3.466   13.388    0.402   91.900
   12.348    3.755   -3.498   13.309    0.383   83.600
   12.673    3.733   -3.530   13.309    0.429   83.600
   12.997    3.765   -3.541   13.380    0.466   86.400
   13.322    3.723   -3.594   13.461    0.420   88.800
   13.647    3.594   -3.637   13.402    0.511   85.100
   13.972    3.519   -3.637   13.382    0.603   81.600
   14.297    3.423   -3.616   13.343    0.612   78.900
   14.621    3.241   -3.808   13.244    0.575   81.500
   14.946    3.198   -3.990   13.195    0.603   82.400
   15.271    3.027   -4.033   13.135    0.603   82.400
   15.596    2.877   -4.118   13.116    0.557   81.900
   15.921    2.888   -4.193   13.107    0.511   85.800
   16.245    2.813   -4.183   13.047    0.511   84.500
   16.350    2.779   -4.200   13.042    0.519   83.100
