  D06L1601          1       52 1.000000        .        .        .    0.000
    0.000   -0.131   -9.861    8.219    0.051   88.000
    0.173   -0.165   -9.882    8.222    0.099   92.300
    0.498   -0.153   -9.691    8.258    0.074   76.000
    0.822   -0.127   -9.487    8.244    0.066   62.200
    1.147   -0.102   -9.487    8.361    0.066   70.300
    1.472   -0.165   -9.742    8.417    0.140   59.100
    1.797   -0.280   -9.576    8.283    0.148   54.100
    2.122   -0.369   -9.551    8.219    0.140   50.900
    2.446   -0.420   -9.665    8.316    0.148   63.800
    2.771   -0.331   -9.793    8.262    0.263   62.000
    3.096   -0.280   -9.983    8.208    0.181   62.000
    3.421   -0.318   -9.983    8.154    0.115   63.900
    3.746   -0.369   -9.945    8.381    0.066   62.800
    4.071   -0.471  -10.085    8.197    0.115   60.600
    4.395   -0.636  -10.187    7.913    0.197  224.100
    4.720   -0.699  -10.365    7.819    0.115  214.700
    5.045   -0.674  -10.543    7.675    0.074  214.800
    5.370   -0.687  -10.492    7.592    0.082  210.600
    5.694   -0.432  -10.161    7.498    0.090  208.800
    6.019   -0.331  -10.161    7.454    0.066  202.900
    6.344   -0.420  -10.390    7.460    0.057  216.200
    6.669   -0.318  -10.454    7.407    0.066  197.200
    6.994   -0.343  -10.149    7.363    0.066  183.200
    7.319   -0.369  -10.034    7.369    0.074  188.800
    7.643   -0.369  -10.314    7.475    0.099  208.000
    7.968   -0.318  -10.161    7.522    0.066  202.400
    8.293   -0.267  -10.072    7.508    0.099  190.700
    8.618   -0.331  -10.085    7.594    0.049  176.500
    8.942   -0.356  -10.149    7.850    0.082  167.600
    9.267   -0.394  -10.060    7.887    0.205  190.100
    9.592   -0.585   -9.869    7.503    0.246  194.400
    9.917   -0.674   -9.831    7.439    0.214  193.300
   10.242   -0.547   -9.716    7.295    0.255  204.800
   10.567   -0.496   -9.818    7.102    0.131  194.900
   10.891   -0.598   -9.805    6.988    0.090  206.800
   11.216   -0.941   -9.920    6.844    0.099  224.500
   11.541   -0.661   -9.932    6.840    0.041  161.000
   11.866   -0.674   -9.983    6.837    0.016  173.800
   12.191   -0.687   -9.983    6.833    0.016   80.600
   12.515   -0.636  -10.047    6.829    0.033  108.800
   12.840   -0.801  -10.314    6.975    0.025  112.800
   13.165   -0.814  -10.454    6.782    0.074  131.200
   13.490   -0.649  -10.390    6.688    0.025  190.200
   13.815   -0.420  -10.365    6.584    0.033  105.700
   14.139   -0.560  -10.441    6.690    0.008  197.400
   14.464   -0.687  -10.416    7.036    0.214   68.600
   14.789   -0.839  -10.238    6.993    0.205   61.600
   15.114   -0.954  -10.263    6.649    0.049   80.500
   15.439   -0.814  -10.390    6.385    0.057   70.200
   15.763   -0.967  -10.416    6.271    0.016   85.600
   16.088   -1.259  -10.441    6.118    0.025  204.100
   16.350   -1.290  -10.400    6.042    0.038   21.700